29 60
29 61
29 62
29 62
28 62
28 62
27 66
27 66
27 66
27 66
27 66
27 66
27 66
27 66
27 66
27 66
27 66
27 66
27 66
27 66
27 66
27 66
27 66
27 66
27 66
27 66
27 66
27 66
27 67
27 67
27 66
27 66
27 66
27 66
27 66
27 67
27 67
27 67
27 66
27 66
27 66
27 66
27 66
27 66
27 65
27 65
27 65
26 65
27 65
26 65
27 65
26 64
27 64
27 64
27 64
27 65
27 64
27 65
27 64
27 64
27 64
27 64
27 64
27 64
27 64
27 64
27 64
27 64
27 64
27 64
27 64
27 65
27 64
27 65
27 65
27 65
27 65
27 65
27 65
27 65
27 65
27 66
27 65
27 65
27 65
27 65
27 65
27 65
27 65
27 65
27 65
27 65
27 65
27 65
27 65
27 65
27 65
26 65
27 64
27 64
27 64
27 64
27 64
27 64
27 64
26 64
27 64
27 64
27 64
27 63
27 63
27 64
27 64
27 64
27 64
27 64
27 64
27 64
27 64
27 64
27 64
27 64
27 64
27 64
27 64
27 64
27 64
27 64
27 64
27 64
27 64
27 64
27 64
27 64
27 64
27 64
27 64
27 64
27 64
27 64
27 64
27 64
28 65
27 64
27 64
27 64
27 64
27 64
27 64
27 63
27 63
27 63
27 64
27 64
27 63
27 63
27 63
27 63
27 63
27 63
27 63
27 63
27 63
27 63
27 63
27 63
29 65
27 63
27 63
27 63
27 63
27 63
27 63
27 63
27 64
27 64
27 64
27 63
27 63
27 63
27 63
27 63
28 64
27 63
27 63
27 64
27 64
27 63
26 63
27 63
27 63
27 63
27 64
27 64
27 64
27 63
26 64
27 63
27 64
27 64
27 64
27 64
27 64
27 64
27 64
27 64
27 64
27 64
27 64
27 64
27 65
27 65
27 64
27 64
27 64
27 64
27 64
27 64
27 64
27 64
27 63
27 63
27 63
27 63
27 63
27 63
27 64
27 63
27 64
27 64
27 63
27 63
27 63
27 63
27 63
27 63
27 63
27 63
27 63
27 63
27 64
27 64
27 64
27 64
27 64
27 64
27 64
27 64
27 64
27 64
27 64
27 64
27 64
27 64
27 64
27 64
27 64
27 64
27 64
27 65
27 64
27 64
27 64
27 64
27 64
27 64
27 64
27 64
27 64
27 64
27 64
27 64
27 64
27 64
27 64
27 64
27 64
27 64
27 64
27 64
27 64
27 64
27 64
27 64
27 64
27 64
27 64
26 64
27 64
27 64
27 64
27 64
27 64
27 64
27 64
27 65
27 65
27 65
27 64
27 64
27 64
27 64
27 64
27 64
27 64
27 64
27 64
27 64
27 64
27 65
27 65
27 65
27 65
27 65
27 65
27 66
27 65
27 64
27 64
27 64
27 64
27 64
27 64
27 64
27 64
27 64
27 64
27 64
27 64
27 64
27 64
27 64
27 64
27 64
27 64
27 64
27 64
27 64
27 64
27 64
27 64
27 64
27 64
27 64
27 64
27 64
27 64
27 64
27 65
27 65
27 65
27 64
27 64
27 64
27 65
27 65
26 65
27 64
27 64
27 64
27 64
27 64
27 64
27 64
27 64
27 64
27 64
27 64
27 64
27 64
27 63
27 63
27 63
27 63
27 63
27 63
27 63
27 63
27 63
27 63
27 63
27 63
26 63
27 63
27 63
27 63
27 63
27 63
27 63
27 63
27 63
27 63
27 63
27 63
27 63
27 63
27 63
27 63
27 63
27 63
26 63
27 63
27 63
27 63
27 63
27 63
27 63
27 63
27 63
27 63
27 63
27 63
27 63
27 63
27 63
27 64
27 63
27 63
27 63
27 63
26 68
26 68
26 68
26 68
26 68
26 68
26 68
26 68
26 68
26 68
26 68
26 68
27 68
26 67
26 67
27 67
27 67
27 68
26 68
26 68
26 68
26 67
26 68
26 68
26 68
27 68
26 68
27 68
27 68
26 68
26 68
26 68
27 68
26 68
26 68
26 68
27 68
26 68
27 68
26 68
26 68
26 68
26 68
27 68
26 68
27 68
27 68
26 68
27 68
26 68
27 68
27 68
27 68
26 68
27 67
27 67
27 68
27 68
27 68
27 68
27 67
27 67
27 67
27 67
27 67
27 67
27 67
27 67
26 67
27 68
27 68
27 67
27 67
26 67
27 68
27 67
27 68
27 68
26 68
27 68
27 68
27 68
27 68
26 68
27 68
27 68
27 68
27 68
26 68
 
 
 
 
 
 
 
 
 
 
 
 
1 1
26 68
27 68
27 68
27 68
27 68
27 68
27 68
27 68
27 68
27 68
27 68
27 68
27 69
27 68
27 68
27 68
27 68
27 68
27 68
27 68
27 68
28 69
27 68
27 68
27 68
27 68
27 68
27 68
27 68
27 68
27 68
27 68
27 68
27 68
27 68
27 68
27 68
27 68
27 68
27 68
27 68
27 68
27 68
27 68
27 67
27 67
27 67
27 67
27 68
27 68
27 68
27 68
27 68
27 68
27 68
27 68
27 68
26 68
27 68
27 68
 
27 68
27 68
27 68
27 68
 
27 68
27 67
27 67
27 67
27 67
27 67
27 67
27 67
26 67
27 67
27 67
27 67
27 67
26 67
27 67
27 67
27 66
27 67
26 66
27 67
27 67
27 66
27 66
27 66
27 66
27 66
27 66
27 66
27 66
27 66
27 66
27 66
27 66
27 66
27 66
27 66
27 66
27 66
27 66
27 65
26 65
27 65
27 66
27 66
27 66
27 66
27 66
27 66
27 66
27 65
27 65
27 65
27 66
27 66
27 66
26 65
27 65
27 65
27 65
27 66
26 65
27 65
27 65
27 65
27 65
26 65
27 65
27 65
27 65
27 65
27 65
27 65
27 65
27 65
27 65
27 65
27 65
27 65
27 65
27 65
27 65
26 65
26 65
27 65
27 65
27 65
26 65
27 65
27 65
 
5 5
27 66
27 65
27 65
27 65
27 65
27 65
27 65
27 65
27 65
27 65
27 65
27 65
41 28
41 27
41 26
41 26
41 27
41 27
41 27
41 27
41 28
40 28
39 30
38 31
38 33
37 34
36 33
36 35
35 36
34 38
34 40
33 41
33 43
33 44
32 45
32 48
31 49
31 50
30 52
1 1
